   0.319713735580444336E+002   0.377607660268933927E+002   0.205505899457348695E-003   0.142410242557525635E+001   0.207733620431193003E+003  -0.294401280879974392E+001  -0.435773939486726158E+004  -0.100000000000000002E+101   1
   0.259875862598419189E+003   0.667479705336463383E+002   0.215882229611146897E+003  -0.690393447875976562E-001   0.645987413521831422E+004  -0.428804912567138707E+001  -0.544106018031172752E+009  -0.100000000000000002E+101   1
   0.203048865795135498E+003  -0.375223186072179047E+002   0.502955227791305082E+000  -0.372204333543777466E+000   0.722000197422384304E+003  -0.447268071174621618E+001  -0.390338217301464290E+006  -0.100000000000000002E+101   1
   0.186827766895294189E+003   0.999937932131659579E+001   0.115765063470261651E+003   0.729323118925094604E+000   0.743962077333559319E+004  -0.264243363142013576E+001  -0.291294511971910572E+010  -0.100000000000000002E+101   1
   0.764457893371582031E+002   0.152879370328112287E+002   0.751894762096408354E-003  -0.342576920986175537E+000   0.138376340937114328E+002  -0.188770049810409546E+001  -0.435773939486726158E+004  -0.100000000000000002E+101   1
   0.226944043636322021E+003   0.265563353342754738E+001   0.281357676315074174E-002   0.123115530610084534E+001   0.328944181689673698E+002  -0.163500757217407244E+001  -0.435697666739650413E+004  -0.100000000000000002E+101   1
   0.198877773284912109E+003  -0.610107107854896640E+002   0.439355518975212855E+000   0.108379662036895752E+001   0.724026269794543055E+003  -0.352825831174850446E+001  -0.602053597511677188E+006  -0.100000000000000002E+101   1
   0.189957046508789062E+003  -0.353969975202176101E+000   0.112910833665802058E-001  -0.109790790081024170E+001   0.441716566525598182E+002  -0.231629723310470581E+001  -0.400589792844274143E+004  -0.100000000000000002E+101   1
   0.661910605430603027E+002   0.583478283067919392E+002   0.981717330451454916E-004   0.295275905728340149E+001   0.736905793778672160E+004  -0.307065362930297869E+001  -0.435773939486726158E+004  -0.100000000000000002E+101   1
   0.328364202976226807E+003  -0.607038381408511896E+001   0.188906373536718846E-004  -0.100301054120063782E+001   0.250842711071352973E+002  -0.262278331518173236E+001  -0.435772616180489877E+004  -0.100000000000000002E+101   1
   0.644901537895202637E+002  -0.488222811991083532E+002   0.903464173708222890E-004  -0.149692913889884949E+001   0.173827030632256947E+004  -0.313091332912445086E+001  -0.435025664850020257E+004  -0.100000000000000002E+101   1
   0.150819711685180664E+003  -0.628886029002330815E+001   0.237386793287923537E+001   0.709741115570068359E-001   0.879107222644011586E+003  -0.469389410018920916E+001  -0.256459497017882764E+007  -0.100000000000000002E+101   1
   0.334677972793579102E+003   0.620003893099404593E+002   0.197116363234771469E+000  -0.993195265531539917E+000   0.149245853231886159E+002  -0.458182970285415614E+001  -0.435015569839271666E+004  -0.100000000000000002E+101   1
   0.123940994739532471E+003  -0.489037000365116654E+002   0.122559301228066329E-001  -0.954582989215850830E-001   0.549585461904731645E+002  -0.174625607728958121E+001  -0.421117301142239012E+004  -0.100000000000000002E+101   1
   0.313953466415405273E+003  -0.643697698866910173E+001   0.493450505516371371E-003  -0.101768732070922852E+001   0.568150163765189518E+003  -0.453174231052398646E+001  -0.434858739955218334E+004  -0.100000000000000002E+101   1
   0.615732192993164062E+001   0.471196675820869189E+002   0.110958316020685149E+000  -0.326980680227279663E+000   0.949791395967630342E+004  -0.285827623605728176E+001  -0.435773939486726158E+004  -0.100000000000000002E+101   1
   0.990363836288452148E+002  -0.326463957397610898E+002   0.422634131231668431E+000   0.984954804182052612E+000   0.242282799791074893E+003  -0.345617222785949707E+001  -0.435773939486726158E+004  -0.100000000000000002E+101   1
   0.152975714206695557E+003   0.235072423351972759E+002   0.210353238380518292E+003   0.102448868751525879E+001   0.129524828781501697E+003  -0.217999763488769549E+001  -0.959158554489152133E+007  -0.100000000000000002E+101   1
   0.126319169998168945E+001   0.475656489710711412E+002   0.732785300498143215E+002   0.938207924365997314E+000   0.377811434169835547E+004  -0.361866346597671518E+001  -0.435773939486726158E+004  -0.100000000000000002E+101   1
   0.175358662605285645E+003  -0.147552694454534503E+002   0.272496558880914205E-003  -0.123805144429206848E+001   0.364401771133384216E+003  -0.274732300043106070E+001  -0.429726391513310864E+004  -0.100000000000000002E+101   1
   0.348391571044921875E+003  -0.398017367058366744E+001   0.116855004973138517E+002   0.289568111300468445E+001   0.619223468669579347E+003  -0.437336782217025721E+001  -0.580744960299569182E+007  -0.100000000000000002E+101   1
   0.278511486053466797E+003  -0.350264954811760916E+002   0.131468163252946908E+003   0.887962907552719116E+000   0.915256422689514721E+002  -0.169650225639343288E+001  -0.218650507599687763E+007  -0.100000000000000002E+101   1
   0.105776023864746094E+003  -0.111207127366920844E+002   0.804264420902912371E-002   0.314137548208236694E+000   0.465611955036356846E+003  -0.225873265266418466E+001  -0.435773939486726158E+004  -0.100000000000000002E+101   1
   0.167615125179290771E+003  -0.358967129541026324E+002   0.217405723641812837E-003   0.994468331336975098E-001   0.825986926766947590E+003  -0.432588597536087072E+001  -0.427934989135297201E+004  -0.100000000000000002E+101   1
   0.208306596279144287E+003  -0.508713841580909190E+002   0.747974807662354824E+001   0.370540916919708252E-001   0.208317904949710328E+004  -0.370234510898590097E+001  -0.170034703136343062E+008  -0.100000000000000002E+101   1
   0.207997841835021973E+003   0.563785452585465521E+002   0.783569287751880950E+001   0.774093747138977051E+000   0.412880697932255771E+003  -0.263796507120132473E+001  -0.207997802664053394E+007  -0.100000000000000002E+101   1
   0.190184454917907715E+003   0.434746976755156993E+002   0.115885421822295998E+001   0.863148450851440430E+000   0.180118570168271646E+003  -0.190888147354126003E+001  -0.474696773078398328E+005  -0.100000000000000002E+101   1
   0.202463564872741699E+003  -0.535160433543917762E+002   0.143040402038645936E+003  -0.761657059192657471E-001   0.873790388544022818E+002  -0.467655608654022181E+001  -0.179265761894369535E+008  -0.100000000000000002E+101   1
   0.348341231346130371E+003  -0.511488329609246719E+002   0.337620696316325670E-002   0.183745899796485901E+001   0.108225809992336899E+002  -0.348304479122161847E+001  -0.435773939440937829E+004  -0.100000000000000002E+101   1
   0.282845656871795654E+003  -0.398445601250723058E+002   0.386020212985687508E+002  -0.558007389307022095E+000   0.134625535200584743E+002  -0.233771916627883902E+001  -0.193946043713680585E+006  -0.100000000000000002E+101   1
   0.133537938594818115E+003  -0.222172615248262844E+002   0.419114809657368781E+001   0.194871729612350464E+001   0.205985803451465472E+004  -0.208979513645172110E+001  -0.173313400752574444E+009  -0.100000000000000002E+101   1
   0.451045846939086914E+002  -0.831986183984680849E+001   0.277185929121282981E+000   0.236436071991920471E+001   0.159781216012556160E+004  -0.462982062101364100E+001  -0.435773939486726158E+004  -0.100000000000000002E+101   1
   0.120634388923645020E+003   0.494911904641939770E+001   0.372919267927164511E-001   0.136864426732063293E+001   0.337622804592872171E+003  -0.485202236175537127E+001  -0.435773939486726158E+004  -0.100000000000000002E+101   1
   0.379364776611328125E+002   0.402355552471944122E+001   0.537104337442082663E-001  -0.601593554019927979E-001   0.535940845488805593E+002  -0.400972044467926025E+001  -0.435773939486726158E+004  -0.100000000000000002E+101   1
   0.285434525012969971E+003  -0.438812331289132658E+002   0.204834218257583377E-004  -0.690852642059326172E+000   0.474992642929717567E+004  -0.163448309898376465E+001  -0.435366861091941155E+004  -0.100000000000000002E+101   1
   0.230206232070922852E+003  -0.183226869177307492E+002   0.187311101625632631E+003   0.132021296024322510E+001   0.110704175548953021E+002  -0.325260529518127450E+001  -0.435521182581315497E+004  -0.100000000000000002E+101   1
   0.273913621902465820E+002   0.417015398436510338E+002   0.252717334324445897E+001  -0.548531949520111084E+000   0.459251963790735374E+003  -0.336356420516967791E+001  -0.435773939486726158E+004  -0.100000000000000002E+101   1
   0.874340915679931641E+002  -0.100572893362996325E+002   0.154983382037975332E+003   0.244004622101783752E+001   0.154637189598842974E+004  -0.481270207166671771E+001  -0.435773939486726158E+004  -0.100000000000000002E+101   1
   0.355987887382507324E+003   0.522402850666603911E+002   0.137606328587152518E+003  -0.170654565095901489E+000   0.110437743190272386E+003  -0.497483805418014491E+001  -0.435773939486726158E+004  -0.100000000000000002E+101   1
   0.316225619316101074E+003  -0.591138465146417218E+002   0.495444712683642294E-003  -0.862645447254180908E+000   0.180794849953037897E+003  -0.407580062150955236E+001  -0.435709873822669579E+004  -0.100000000000000002E+101   1
   0.532695508003234863E+002  -0.271104454688433236E+002   0.183906766011795292E-003   0.129762768745422363E+001   0.723754646414036233E+004  -0.418749334812164342E+001  -0.435773939486726158E+004  -0.100000000000000002E+101   1
   0.223869931697845459E+003   0.505691048144602178E+002   0.250979050602429660E-003   0.266291043162345886E+001   0.124085226696582595E+003  -0.165116693973541251E+001  -0.435724460231817375E+004  -0.100000000000000002E+101   1
   0.315322422981262207E+002  -0.684919458641156496E+002   0.590423446678853807E+002   0.245512962341308594E+000   0.421805613119593772E+003  -0.374176936149597150E+001  -0.128889897633592598E+008  -0.100000000000000002E+101   1
   0.135106794834136963E+003   0.151377582546920024E+002   0.193724940591143060E-002   0.142931395769119263E+001   0.579790577311307288E+003  -0.496784257888793945E+001  -0.435773939486726158E+004  -0.100000000000000002E+101   1
   0.316378483772277832E+003  -0.435904462188648978E+002   0.536722611564767512E-004   0.254016879200935364E+001   0.530127331062690359E+003  -0.448469698429107666E+001  -0.435617747650190086E+004  -0.100000000000000002E+101   1
   0.435731935501098633E+002   0.161840042299640032E+002   0.799249664135003424E+000   0.251739522814750671E+001   0.544348508180949921E+003  -0.168003424406051627E+001  -0.435773939486726158E+004  -0.100000000000000002E+101   1
   0.257484769821166992E+003  -0.829310735700541102E+001   0.139530389675331240E+000  -0.136042776703834534E+001   0.598517564468584098E+002  -0.355650893449783334E+001  -0.786119834569563591E+004  -0.100000000000000002E+101   1
   0.799766492843627930E+002   0.946112988359786300E+000   0.948780189371734695E+000  -0.827357500791549683E+000   0.661461280017748322E+004  -0.354653198719024676E+001  -0.435773939486726158E+004  -0.100000000000000002E+101   1
   0.269888098239898682E+003  -0.263172691200077580E+002   0.757739917075296349E-004   0.687071621417999268E+000   0.381619421076189610E+004  -0.322427786588668841E+001  -0.423310256090073926E+004  -0.100000000000000002E+101   1
   0.571204304695129395E+002   0.286800468038695726E+002   0.373330257178020530E-003   0.183207902312278748E+001   0.185033802719534424E+004  -0.433522171974182147E+001  -0.435773939486726158E+004  -0.100000000000000002E+101   1
   0.322900607585906982E+003  -0.401182928744699865E+002   0.164753581699496228E-001   0.206225761771202087E+001   0.404253574898645002E+004  -0.486365906000137294E+001  -0.818839322746636928E+006  -0.100000000000000002E+101   1
   0.121681866645812988E+003   0.310604309060303905E+002   0.100307546740647763E+000   0.227541384100914001E+001   0.622301096198902997E+002  -0.160527614355087289E+001  -0.435773939486726158E+004  -0.100000000000000002E+101   1
   0.166040711402893066E+003  -0.297891012519586056E+002   0.199861593112487254E-002   0.221960029006004333E+001   0.330555171174029226E+003  -0.443215867280960119E+001  -0.410538066579711813E+004  -0.100000000000000002E+101   1
   0.171101546287536621E+002  -0.290762311404617435E+001   0.527512560660761576E+000  -0.291128396987915039E+000   0.259183078318378435E+002  -0.291784650087356567E+001  -0.435773939486726158E+004  -0.100000000000000002E+101   1
   0.798141717910766602E+001  -0.676251019632880599E+002   0.485689157993414167E+001   0.115657594799995422E+001   0.316554176716459688E+004  -0.201556475162506121E+001  -0.521908537743251100E+008  -0.100000000000000002E+101   1
   0.164677011966705322E+003   0.325999439181594539E+002   0.340611764816042125E+003   0.247084388136863708E+001   0.866454119998495298E+004  -0.339214373826980609E+001  -0.222343751938597754E+013  -0.100000000000000002E+101   1
   0.146918578147888184E+003   0.190524048219193531E+002   0.360973597730042858E-004  -0.947190016508102417E+000   0.707392217221164401E+003  -0.281537603139877346E+001  -0.435773939486726158E+004  -0.100000000000000002E+101   1
   0.235034465789794922E+002  -0.243892276385719242E+001   0.383656906172824344E-001   0.189554840326309204E+001   0.309864637024689422E+002  -0.495852406024932879E+001  -0.435773939486726158E+004  -0.100000000000000002E+101   1
   0.201984457969665527E+003  -0.688024892790146225E+001   0.256241906900426489E-003   0.121509960293769836E+001   0.264634355366750285E+002  -0.291850107908248901E+001  -0.435772179322615193E+004  -0.100000000000000002E+101   1
   0.869483757019042969E+002   0.418751133799723902E+002   0.350400650470684768E-004   0.202664726972579956E+001   0.543280471761523017E+003  -0.408053851127624512E+001  -0.435773939486726158E+004  -0.100000000000000002E+101   1
   0.106776165962219238E+003  -0.139960513548411996E+002   0.330503538570847848E-004   0.247593659162521362E+001   0.310861418173152833E+004  -0.243264172077178964E+001  -0.435773939486726158E+004  -0.100000000000000002E+101   1
   0.318254978656768799E+003  -0.350418273518475942E+002   0.219636217081380369E+001  -0.544735014438629150E+000   0.101879736690712809E+004  -0.363226835727691633E+001  -0.696326642015557736E+005  -0.100000000000000002E+101   1
   0.741256999969482422E+002   0.545292276793588826E+002   0.243072113374331624E-004  -0.626804441213607788E+000   0.154365178613239777E+004  -0.354829286336898786E+001  -0.435773939486726158E+004  -0.100000000000000002E+101   1
   0.273484597206115723E+003   0.120469027181266455E+002   0.685058734230476890E-001   0.947067797183990479E+000   0.744709656358910252E+003  -0.456460355520248395E+001  -0.231439846264070729E+005  -0.100000000000000002E+101   1
   0.234440538883209229E+003   0.516521270786147966E+002   0.132833636346502901E-001  -0.119173452258110046E+001   0.818178036501665957E+002  -0.194657666683197039E+001  -0.403087022366139581E+004  -0.100000000000000002E+101   1
   0.109101405143737793E+003   0.116594627193703673E+002   0.193617794021559490E+003   0.228351840376853943E+001   0.178825760789996411E+004  -0.318450443744659406E+001  -0.435773939486726158E+004  -0.100000000000000002E+101   1
   0.220992629528045654E+003   0.404226253720655393E+002   0.803035302894689940E+000  -0.580329805612564087E+000   0.130784844182637516E+004  -0.242240395545959464E+001  -0.371493688206856197E+006  -0.100000000000000002E+101   1
   0.312157695293426514E+003  -0.421966467030197450E+002   0.232830098978554795E-002   0.174811729788780212E+001   0.244331693673147174E+004  -0.318094438314437866E+001  -0.823855319254707865E+004  -0.100000000000000002E+101   1
   0.209192154407501221E+003   0.683183890960891631E+002   0.902670120626053590E-001   0.158043256402015686E+001   0.296153485015542992E+004  -0.477542353868484515E+001  -0.277640881732285209E+007  -0.100000000000000002E+101   1
   0.494290566444396973E+002  -0.122572597890192299E+002   0.895984602994166757E+001   0.230213266611099243E+001   0.140144650158669560E+004  -0.320670537948608381E+001  -0.435773939486726158E+004  -0.100000000000000002E+101   1
   0.286335833072662354E+003  -0.855695696160228181E+001   0.217191565304833715E-002  -0.124930706620216370E+001   0.157454298708416154E+002  -0.357319682836532593E+001  -0.435574156713901903E+004  -0.100000000000000002E+101   1
   0.931490421295166016E+001  -0.441482919907303923E+002   0.112963631091076203E-003   0.174926689267158508E+001   0.413086559112969644E+004  -0.291840968132019052E+001  -0.422858370630271838E+004  -0.100000000000000002E+101   1
   0.358130993843078613E+003   0.503721531948555139E+002   0.153836911220124162E+000  -0.148720264434814453E+000   0.338606764591450656E+003  -0.392372670173645055E+001  -0.435773939486726158E+004  -0.100000000000000002E+101   1
   0.138388402462005615E+003  -0.384320776492452012E+002   0.290091831879311880E-002   0.172559612989425659E+001   0.172051950046982185E+002  -0.365769497156143197E+001  -0.435773154989467002E+004  -0.100000000000000002E+101   1
   0.190345280170440674E+003  -0.121761867927107232E+002   0.567523743023389468E-001   0.126948541402816772E+001   0.508805910794325058E+002  -0.211001005172729483E+001  -0.430170880398697227E+004  -0.100000000000000002E+101   1
   0.254075295925140381E+003   0.572901009832660577E+002   0.162454336716714271E-003   0.112139475345611572E+001   0.231482183108388391E+002  -0.331884232759475717E+001  -0.435773885948632960E+004  -0.100000000000000002E+101   1
   0.320614871978759766E+003  -0.159033912306000929E+002   0.164909163092080507E+000  -0.111238914728164673E+001   0.498687966744542521E+002  -0.278614313602447528E+001  -0.412814057484172008E+004  -0.100000000000000002E+101   1
   0.160675864219665527E+003   0.497358791534595355E+002   0.135674840245257570E+003   0.664442896842956543E+000   0.496778941168468066E+003  -0.221214573383331325E+001  -0.706945159850268066E+008  -0.100000000000000002E+101   1
   0.909590721130371094E+002  -0.232143557715797471E+002   0.108032187934467050E+001  -0.667211920022964478E+000   0.873637979503722272E+004  -0.213888485431671160E+001  -0.435773939486726158E+004  -0.100000000000000002E+101   1
   0.215368938446044922E+003  -0.716468205453377891E+002   0.119608725744874699E-004  -0.481877177953720093E+000   0.386166810583193273E+004  -0.396082628965377825E+001  -0.435328158725960839E+004  -0.100000000000000002E+101   1
   0.497120833396911621E+002  -0.296568138031446438E+000   0.292380912535422643E+000   0.162338680028915405E+001   0.623161231856319887E+003  -0.481754899024963379E+001  -0.435773939486726158E+004  -0.100000000000000002E+101   1
   0.244225902557373047E+003  -0.870596194722581913E+002   0.871858481338685758E-002   0.204355779290199280E+001   0.992617948968887163E+003  -0.211992802619934073E+001  -0.228078569168608592E+005  -0.100000000000000002E+101   1
   0.197317435741424561E+003   0.611071699474561001E+002   0.269504793393881138E-003   0.146870380640029907E+001   0.554770152941006245E+002  -0.445418715476989746E+001  -0.435770960105925587E+004  -0.100000000000000002E+101   1
   0.413275194168090820E+002   0.110251483245710773E+002   0.532502305222182101E-004  -0.324807822704315186E+000   0.175580539027768054E+002  -0.411248821020126343E+001  -0.435773939486726158E+004  -0.100000000000000002E+101   1
   0.333007514476776123E+003   0.153012563585683239E+002   0.502831416512895091E+000   0.236682620644569397E+001   0.150427203267399072E+002  -0.272209235429763785E+001  -0.435773347583051964E+004  -0.100000000000000002E+101   1
   0.548172497749328613E+002  -0.658544744080786302E+002   0.257563965748136472E-002  -0.770669281482696533E-001   0.284917735433609437E+003  -0.252110117673873901E+001  -0.423612797846562171E+004  -0.100000000000000002E+101   1
   0.317959227561950684E+003   0.239885295194210642E+002   0.374601165229116991E-002  -0.130340561270713806E+001   0.615958139439760998E+004  -0.494959990978240949E+001  -0.424752741040398905E+004  -0.100000000000000002E+101   1
   0.151004226207733154E+003   0.119793340481123920E+002   0.108098825197471672E-004   0.185081022977828979E+001   0.154698090791096320E+003  -0.243425040245056179E+001  -0.435758767790347883E+004  -0.100000000000000002E+101   1
   0.171786603927612305E+003   0.270865842003792920E+002   0.175759924697311691E-003  -0.491454005241394043E-001   0.145474070073129251E+002  -0.424727822542190570E+001  -0.435770767344304022E+004  -0.100000000000000002E+101   1
   0.114285922050476074E+003  -0.732490336016163752E+002   0.617606949008100493E-004  -0.138482379913330078E+001   0.327751248648012421E+002  -0.496216983795166033E+001  -0.435600064300689792E+004  -0.100000000000000002E+101   1
   0.192586791515350342E+003   0.582821725234363726E+002   0.795002907587485375E+000   0.166569462418556213E+001   0.154267034768933257E+003  -0.430979287624359131E+001  -0.424620632151216432E+004  -0.100000000000000002E+101   1
   0.974344182014465332E+002  -0.990961801819088350E+001   0.298152437741991037E+002   0.208198606967926025E+000   0.210449728493005864E+003  -0.226212065219879177E+001  -0.435773939486726158E+004  -0.100000000000000002E+101   1
   0.333011162281036377E+003   0.514882171679924738E+002   0.454922800189687759E+001   0.287072020769119263E+001   0.221130718207938116E+004  -0.165561381578445443E+001  -0.766426788062624574E+009  -0.100000000000000002E+101   1
   0.425409936904907227E+002   0.258132308187946649E+002   0.856393009528349787E-003  -0.136681571602821350E+001   0.234279049190126489E+004  -0.195185402631759652E+001  -0.435773939486726158E+004  -0.100000000000000002E+101   1
   0.160777230262756348E+003   0.119693356586000306E+002   0.182185140489112001E+003   0.144341835379600525E+001   0.650901281679492695E+004  -0.463292044401168823E+001  -0.245665083085060577E+011  -0.100000000000000002E+101   1
   0.180852191448211670E+003   0.794248329532703679E+001   0.526311633832232784E+000   0.886323004961013794E+000   0.273493899666804282E+004  -0.434249138832092285E+001  -0.468962366038213205E+007  -0.100000000000000002E+101   1
   0.936299085617065430E+001   0.141331026514037745E+002   0.717783765142916863E+000  -0.104110917448997498E+001   0.386159867727643757E+003  -0.342826915979385394E+001  -0.435773939486726158E+004  -0.100000000000000002E+101   1
   0.300714383125305176E+003   0.452096091679632650E+002   0.118020429932829069E-002   0.294083020091056824E+001   0.443829171041988138E+004  -0.373139156103134173E+001  -0.218879056904997956E+007  -0.100000000000000002E+101   1
   0.278806765079498291E+003  -0.492105818444542180E+002   0.779043568238069195E+001   0.748863816261291504E-002   0.992518641086912908E+003  -0.439878551959991437E+001  -0.513275397616020683E+007  -0.100000000000000002E+101   1
   0.276116445064544678E+003  -0.953510776329899556E+001   0.806244145067519101E-003   0.143620294332504272E+001   0.226640552266754618E+002  -0.481075110435485875E+001  -0.435773862891124827E+004  -0.100000000000000002E+101   1
   0.352941327095031738E+003   0.393263087639018067E+002   0.171952157119428328E+002   0.232698333263397217E+001   0.292260902755171003E+003  -0.465831159353256208E+001  -0.449077967234361335E+006  -0.100000000000000002E+101   1
   0.901908659934997559E+002   0.544962722229468284E+002   0.532624812601290785E+002   0.195008924603462219E+001   0.775731096437591759E+003  -0.416295031309127772E+001  -0.435773939486726158E+004  -0.100000000000000002E+101   1
   0.171130514144897461E+003   0.185156127451584354E+002   0.103095791741872853E-004   0.172158032655715942E+001   0.385548326707674823E+004  -0.231350625753402728E+001  -0.417787860155111412E+004  -0.100000000000000002E+101   1
   0.220903859138488770E+003   0.908310135933743368E+001   0.408147848739367891E+001  -0.670746535062789917E+000   0.126268197555521287E+002  -0.330656219720840472E+001  -0.205524168066319980E+005  -0.100000000000000002E+101   1
   0.267366027832031250E+003   0.104731085433831055E+002   0.113272774088405743E+002  -0.111094209551811218E+001   0.144429943020849496E+002  -0.360311024188995344E+001  -0.550195435382331852E+005  -0.100000000000000002E+101   1
   0.226564757823944092E+003   0.255558841190289172E+002   0.167974990374221733E+003   0.981561809778213501E+000   0.191566702029087601E+002  -0.260789581537246695E+001  -0.146705630028119976E+005  -0.100000000000000002E+101   1
   0.345071575641632080E+003  -0.235215885971675078E+002   0.131833620563037240E+000   0.986305296421051025E+000   0.181002133653121859E+003  -0.295515462160110465E+001  -0.426226695384376490E+004  -0.100000000000000002E+101   1
   0.349761965274810791E+003   0.153343848641804499E+002   0.547662495203004807E+000  -0.287110716104507446E+000   0.174980382395347043E+002  -0.413048120737075841E+001  -0.435273547913935727E+004  -0.100000000000000002E+101   1
   0.130318751335144043E+003   0.357157592193887297E+002   0.159767092911372133E-002   0.193177860975265503E+001   0.294947110489572992E+003  -0.293761152029037476E+001  -0.435773939486726158E+004  -0.100000000000000002E+101   1
   0.291386797428131104E+003   0.581764650041452569E+001   0.124302424050312270E-003   0.249190405011177063E+001   0.662302729353505555E+002  -0.399779779911041278E+001  -0.435773599994826327E+004  -0.100000000000000002E+101   1
   0.200699486732482910E+003   0.111933169605677847E+002   0.367551943770891043E+002   0.434303194284439087E+000   0.340656924451437760E+003  -0.490487641096115112E+001  -0.126764651722448841E+008  -0.100000000000000002E+101   1
   0.148852086067199707E+002  -0.175375017438884981E+002   0.105578837673564138E-002   0.787076175212860107E+000   0.415763839534781482E+003  -0.485317729711532575E+001  -0.434664256162579295E+004  -0.100000000000000002E+101   1
   0.310720696449279785E+003  -0.254353328668569389E+002   0.157102292376305080E-003  -0.374497085809707642E+000   0.355441649599704647E+003  -0.358269307613372812E+001  -0.435622842803644380E+004  -0.100000000000000002E+101   1
   0.548575687408447266E+002  -0.412702838731100670E+002   0.424449641723248436E-001  -0.440412372350692749E+000   0.868205741410100018E+004  -0.215418273210525513E+001  -0.239607877634548713E+005  -0.100000000000000002E+101   1
   0.110714764595031738E+003  -0.714380298264362068E+001   0.906690875416350827E-004  -0.140293380618095398E+001   0.829586179618145820E+002  -0.329447681903839129E+001  -0.435773939486726158E+004  -0.100000000000000002E+101   1
   0.260703206062316895E+003  -0.134177834819358992E+002   0.410415442609680450E-001   0.719689965248107910E+000   0.879831558732825982E+002  -0.166359298229217556E+001  -0.413505083472282331E+004  -0.100000000000000002E+101   1
   0.287154915332794189E+003  -0.535736327549974689E+002   0.528065542623789668E+002  -0.109096795320510864E+000   0.311619073173415586E+003  -0.269223203659057608E+001  -0.101865423530745544E+008  -0.100000000000000002E+101   1
   0.180537385940551758E+003  -0.579120104384387417E+002   0.189707976890736374E+001  -0.201749414205551147E+000   0.443406086782780164E+002  -0.273921879529952994E+001  -0.664034369489762175E+005  -0.100000000000000002E+101   1
   0.231376919746398926E+003  -0.613285822688564721E+002   0.146921272398842309E+002   0.239102160930633545E+001   0.112678026634353099E+002  -0.391670184135436994E+001  -0.435751070506344422E+004  -0.100000000000000002E+101   1
   0.337937350273132324E+003  -0.294086111435179021E+001   0.197632298127417333E-004  -0.717149019241333008E+000   0.734977423950122375E+004  -0.304635378122329747E+001  -0.435614771602863402E+004  -0.100000000000000002E+101   1
   0.215255491733551025E+003  -0.763794259755933922E+002   0.887593064894968628E-004   0.985401928424835205E+000   0.884181631075533573E+003  -0.164588350057601929E+001  -0.431053043372074171E+004  -0.100000000000000002E+101   1
   0.279510040283203125E+003   0.150239547156855764E+002   0.782251825233254566E-001   0.157563060522079468E+000   0.258581480599224953E+002  -0.377290397882461548E+001  -0.435358890974274982E+004  -0.100000000000000002E+101   1
   0.356652281284332275E+003   0.150371582027550232E+001   0.100902115906620528E-003   0.299359622597694397E+001   0.491899534347081681E+004  -0.292237342596054095E+001  -0.186726198929461243E+006  -0.100000000000000002E+101   1
   0.232759630680084229E+003   0.525829795782784970E+001   0.439392264812454175E-003   0.153789943456649780E+001   0.125996051838744805E+003  -0.195780116319656372E+001  -0.435487674667105966E+004  -0.100000000000000002E+101   1
   0.166355130672454834E+003   0.480695539591316958E+002   0.328533470125345131E-001   0.204248383641242981E+001   0.357020332213093070E+002  -0.226748515367507952E+001  -0.435669613127616412E+004  -0.100000000000000002E+101   1
   0.867762851715087891E+002  -0.497039005240923544E+002   0.232260489631140743E+001   0.174609303474426270E+001   0.330494339668933776E+003  -0.418360073566436785E+001  -0.480122890984335740E+006  -0.100000000000000002E+101   1
   0.103780846595764160E+003   0.552273579301792665E+002   0.338888598780575360E-004   0.295887824892997742E+001   0.325820745159453722E+002  -0.217097073793411255E+001  -0.435773939486726158E+004  -0.100000000000000002E+101   1
   0.339428057670593262E+003   0.166513748130554973E+002   0.261518940333784009E-003   0.265827611088752747E+001   0.204093136805383644E+002  -0.168971713781356803E+001  -0.435773933219636456E+004  -0.100000000000000002E+101   1
   0.234829545021057129E+002  -0.658304673651575456E+001   0.473602631486154835E+000   0.254162389039993286E+001   0.446207910489020833E+003  -0.294188776016235343E+001  -0.435773939486726158E+004  -0.100000000000000002E+101   1
   0.179924211502075195E+003   0.886106877791073657E+002   0.191692061068351109E+003  -0.888745218515396118E+000   0.690756169251587380E+004  -0.308930140733718872E+001  -0.435773939486726158E+004  -0.100000000000000002E+101   1
   0.196275150775909424E+003  -0.582191929704393090E+002   0.210655076067678769E-004   0.186347320675849915E+001   0.467568091595945035E+002  -0.368793283700942975E+001  -0.435773686678601553E+004  -0.100000000000000002E+101   1
   0.471304893493652344E+001   0.544574445407525900E+002   0.168313907840642409E-002   0.202148965001106262E+001   0.833532346918253552E+003  -0.241620674133300772E+001  -0.435773939486726158E+004  -0.100000000000000002E+101   1
   0.345835640430450439E+003  -0.633513136483519830E+002   0.138619748661028796E-003  -0.288341581821441650E+000   0.241493918522200715E+003  -0.307850735187530500E+001  -0.435718767004689744E+004  -0.100000000000000002E+101   1
   0.166432743072509766E+003   0.713097208430006901E+001   0.367493194231407028E+001   0.163490527868270874E+001   0.136496352915998472E+003  -0.296983379125595093E+001  -0.733132584840649361E+005  -0.100000000000000002E+101   1
   0.762535715103149414E+002   0.812038177583577010E+002   0.183164671169257147E+002  -0.982700318098068237E+000   0.253693216939150794E+002  -0.228834856748580950E+001  -0.435773939486726158E+004  -0.100000000000000002E+101   1
   0.131471951007843018E+003   0.151797072279210852E+002   0.113736593841432740E-004  -0.130048683285713196E+001   0.208474983399001488E+002  -0.371826858520507830E+001  -0.435773939486726158E+004  -0.100000000000000002E+101   1
   0.268912632465362549E+003   0.300926582610457132E+002   0.350695807607879079E-001   0.293633937835693359E+000   0.148134191041372503E+003  -0.309367390871048009E+001  -0.396834125362556370E+004  -0.100000000000000002E+101   1
   0.310020060539245605E+003  -0.300585532851818797E+002   0.241308105293188760E-001   0.106930732727050781E+001   0.246686845407746068E+004  -0.184614410400390616E+001  -0.432528279561985619E+005  -0.100000000000000002E+101   1
   0.175056345462799072E+003  -0.138181557334919489E+002   0.919760259175467047E-003   0.441275864839553833E+000   0.929319223358955810E+003  -0.210926610231399536E+001  -0.396949710235457269E+004  -0.100000000000000002E+101   1
   0.167162990570068359E+002   0.454676428343279611E+002   0.443175964230637533E+003   0.760274738073348999E+000   0.819871782803698125E+003  -0.171389985084533691E+001  -0.435773939486726158E+004  -0.100000000000000002E+101   1
   0.233719582557678223E+003   0.178151578674197708E+002   0.391491663961532979E+002  -0.164774358272552490E-001   0.356385035863584380E+004  -0.388633610010147112E+001  -0.786466881230235249E+008  -0.100000000000000002E+101   1
   0.131816089153289795E+003  -0.371945639318479948E+002   0.102089548262205817E-002   0.266476920247077942E+001   0.161136715531114362E+003  -0.182466238737106323E+001  -0.434527319712113785E+004  -0.100000000000000002E+101   1
   0.668673205375671387E+002   0.233913972051048233E+002   0.468804467574567230E+000   0.264265787601470947E+001   0.538692593390838010E+004  -0.378614854812622070E+001  -0.435773939486726158E+004  -0.100000000000000002E+101   1
   0.123378975391387939E+003   0.215080670760735302E+002   0.291274305546930767E+001  -0.833292424678802490E+000   0.223908876595171392E+003  -0.428261835575103778E+001  -0.435773939486726158E+004  -0.100000000000000002E+101   1
   0.130041410923004150E+003   0.216437335078206132E+002   0.311875813861260849E-002   0.186848089098930359E+001   0.114013628673056837E+004  -0.276679497957229614E+001  -0.435773939486726158E+004  -0.100000000000000002E+101   1
   0.237402384281158447E+003   0.485063299206580893E+002   0.735575069443149682E-001  -0.501878142356872559E+000   0.391383641966843970E+004  -0.184581215381622332E+001  -0.295710624326780926E+005  -0.100000000000000002E+101   1
   0.189397773742675781E+003  -0.636048043402780650E+001   0.220003337113599429E+003   0.227002501487731934E-001   0.101231830965671418E+004  -0.317313889265060434E+001  -0.290584115538116574E+009  -0.100000000000000002E+101   1
   0.176977064609527588E+003  -0.534883570564388080E+002   0.113973470923737082E+003   0.764883846044540405E+000   0.661542988953052100E+004  -0.382368404865264910E+001  -0.283810072034793520E+010  -0.100000000000000002E+101   1
   0.218862977027893066E+003  -0.267379126568333234E+002   0.801327716484320253E-002   0.274301862716674805E+001   0.345489223543609114E+002  -0.227662006616592416E+001  -0.435766423690619831E+004  -0.100000000000000002E+101   1
   0.332276709079742432E+003   0.716318590576970280E+002   0.840807686820200573E+001  -0.436502248048782349E+000   0.107027127202604305E+003  -0.213854094743728629E+001  -0.157168761990337691E+006  -0.100000000000000002E+101   1
   0.331051111221313477E+002  -0.332575144600634900E+002   0.626389933682691968E-001   0.194751968979835510E+001   0.843970657640196578E+002  -0.446582223176956195E+001  -0.434825615453292539E+004  -0.100000000000000002E+101   1
   0.200354683399200439E+003   0.611715123647928181E+002   0.391155675883633480E+000   0.223795518279075623E+001   0.164583147873600524E+003  -0.359026226997375497E+001  -0.337053646276052768E+004  -0.100000000000000002E+101   1
   0.272448770999908447E+003  -0.296072924379431370E+002   0.315027927313631118E+002  -0.124917536973953247E+001   0.339436421695846502E+004  -0.339182131290435773E+001  -0.172222978563966416E+008  -0.100000000000000002E+101   1
   0.184671292304992676E+003   0.417303812589727272E+002   0.123427002984058550E-002   0.145064878463745117E+001   0.536207401795373357E+003  -0.446627374887466466E+001  -0.408134192370791061E+004  -0.100000000000000002E+101   1
   0.639754915237426758E+002   0.657890202756381939E+002   0.188008372188064277E+001   0.252193620800971985E+001   0.265704602882542588E+003  -0.377370527982711801E+001  -0.435773939486726158E+004  -0.100000000000000002E+101   1
   0.195940840244293213E+003  -0.551048042310154145E+002   0.401136124407902841E+002  -0.598501771688461304E+000   0.124578628902711976E+002  -0.378852671384811401E+001  -0.646579615999683389E+006  -0.100000000000000002E+101   1
   0.312545049190521240E+003  -0.407435549229521143E+001   0.385552772904444979E-004   0.132017433643341064E-001   0.449884434589852572E+004  -0.430941613912582433E+001  -0.434876522671887506E+004  -0.100000000000000002E+101   1
   0.324751267433166504E+003   0.401090581536749085E+002   0.596807619775155534E-004  -0.248846858739852905E+000   0.510475859169721480E+004  -0.416800373792648315E+001  -0.434768929647120058E+004  -0.100000000000000002E+101   1
   0.748010158538818359E+001   0.618806111391459410E+002   0.144581623051724239E-002   0.122259584069252014E+001   0.146525383453083791E+002  -0.478729896545410138E+001  -0.435773939486726158E+004  -0.100000000000000002E+101   1
   0.209271054267883301E+003  -0.526549475839799257E+002   0.284714979380800565E-002   0.201327404379844666E+001   0.491118988709635050E+004  -0.185114808082580584E+001  -0.109138472617610544E+007  -0.100000000000000002E+101   1
   0.336464323997497559E+003   0.669411900496870658E+002   0.373117465319776613E+002   0.194586825370788574E+001   0.200876293414421419E+002  -0.252981476783752468E+001  -0.434482802016693495E+004  -0.100000000000000002E+101   1
   0.292062027454376221E+003  -0.704670594002207906E+001   0.111482286734652263E+002   0.108913958072662354E+000   0.647384227277783611E+004  -0.355828825235366830E+001  -0.340054292231631875E+008  -0.100000000000000002E+101   1
   0.246105101108551025E+003  -0.382925908242432769E+002   0.785443416295200495E-003   0.806216686964035034E+000   0.199588189043369994E+003  -0.180051838159561184E+001  -0.432720165894077400E+004  -0.100000000000000002E+101   1
   0.319921660423278809E+002   0.485500389047491581E+002   0.384240413132383496E+000  -0.107654517889022827E+001   0.447235960269176118E+002  -0.238074481487274170E+001  -0.435773939486726158E+004  -0.100000000000000002E+101   1
   0.110859153270721436E+003   0.872773151319070450E+001   0.212435783662614552E+001   0.179196470975875854E+001   0.497665051835919812E+002  -0.258996158838272095E+001  -0.435773939486726158E+004  -0.100000000000000002E+101   1
   0.116875391006469727E+003   0.349665219301576968E+002   0.110185156428324626E-002   0.786033868789672852E+000   0.164741318470648281E+003  -0.474460242986679059E+001  -0.435773939486726158E+004  -0.100000000000000002E+101   1
   0.423515224456787109E+002  -0.126041499198977647E+001   0.310228610644249052E-001  -0.108435711264610291E+001   0.382402028078082097E+002  -0.212267705202102652E+001  -0.435773939486726158E+004  -0.100000000000000002E+101   1
   0.208353502750396729E+003   0.452194697140796507E+002   0.383097243249516553E-003  -0.122663381695747375E+001   0.541800860788882801E+002  -0.425315301418304426E+001  -0.434903781416863058E+004  -0.100000000000000002E+101   1
   0.150739288330078125E+003  -0.240490088676274922E+002   0.506920087172911327E+001   0.138211834430694580E+001   0.369373844631852364E+003  -0.484409852027893084E+001  -0.243179247753067827E+007  -0.100000000000000002E+101   1
   0.227835288047790527E+003  -0.808614142981696773E+002   0.578418318021688442E-003   0.113874837756156921E+001   0.299390004678786568E+002  -0.357318021059036273E+001  -0.435771430169716132E+004  -0.100000000000000002E+101   1
   0.150052535533905029E+003  -0.123553690205326347E+002   0.145481748188309930E-003   0.174214938282966614E+001   0.589641901937921557E+004  -0.336085469722747820E+001  -0.162955171569210124E+005  -0.100000000000000002E+101   1
   0.209321436882019043E+003  -0.206472343002949543E+002   0.112398215524087952E+001   0.226885101199150085E+001   0.623928697802461727E+002  -0.299999930858612052E+001  -0.410637634725750468E+004  -0.100000000000000002E+101   1
   0.262847042083740234E+003   0.111186244760143467E+002   0.472841516119401376E+003  -0.489860773086547852E-002   0.207694422395544370E+004  -0.355139329433441198E+001  -0.601855169987326741E+009  -0.100000000000000002E+101   1
   0.124539835453033447E+003  -0.214339451446926432E+002   0.340221287533598149E+001  -0.355517238378524780E+000   0.107377648608975829E+002  -0.280222995281219500E+001  -0.435773939486726158E+004  -0.100000000000000002E+101   1
   0.196276330947875977E+003   0.522792074173362664E+002   0.579767627693254362E+001   0.280818155407905579E+001   0.124095649523659390E+003  -0.483491294384002668E+001  -0.652349370068489134E+004  -0.100000000000000002E+101   1
   0.556371474266052246E+002   0.656588573160190947E+001   0.127981591745874776E-002   0.277077493071556091E+001   0.471057138750425929E+004  -0.260105942487716701E+001  -0.435773939486726158E+004  -0.100000000000000002E+101   1
   0.223715350627899170E+003   0.500143731957292914E+002   0.161010198323267595E+002  -0.124517539143562317E+001   0.111761346005275027E+004  -0.451758234500884992E+001  -0.562318022055951133E+007  -0.100000000000000002E+101   1
   0.151839208602905273E+002  -0.435278243575326869E+002   0.112919559441248552E+003   0.109740158915519714E+001   0.165071006101124544E+004  -0.372654545307159424E+001  -0.220030014489571571E+009  -0.100000000000000002E+101   1
   0.353650352954864502E+003  -0.289525078857203439E+002   0.232487541185037588E+000  -0.782333135604858398E+000   0.539684944330865801E+004  -0.198552143573760986E+001  -0.568643789355996341E+004  -0.100000000000000002E+101   1
   0.113280308246612549E+003  -0.424124470552848649E+002   0.829841043240293175E+001  -0.128875619173049927E+001   0.900572241704205908E+003  -0.371680703163147008E+001  -0.849899674773602001E+007  -0.100000000000000002E+101   1
   0.642123842239379883E+002   0.320002820575502227E+002   0.158070296199500735E+002  -0.278411239385604858E+000   0.124176200485416615E+003  -0.294246249198913601E+001  -0.435773939486726158E+004  -0.100000000000000002E+101   1
   0.310516076087951660E+003   0.801526984173258938E+002   0.550502412987245959E-004  -0.981216251850128174E+000   0.454804688946295585E+003  -0.165662628412246704E+001  -0.435438478401597695E+004  -0.100000000000000002E+101   1
   0.309117314815521240E+003   0.275527660904806595E+002   0.586105495202301853E-004   0.129098036885261536E+001   0.638944849494637765E+003  -0.364189531803131139E+001  -0.435183865597751355E+004  -0.100000000000000002E+101   1
   0.304790439605712891E+003   0.483032956452356075E+002   0.295829690110234367E+003  -0.736987173557281494E+000   0.412930056720135994E+002  -0.317689532041549683E+001  -0.654183136601591134E+006  -0.100000000000000002E+101   1
   0.135053129196166992E+003  -0.262049973553035898E+002   0.803040394042260242E+000  -0.100499859452247620E+001   0.712538143446649201E+003  -0.381061518192291260E+001  -0.683100805704922765E+006  -0.100000000000000002E+101   1
   0.184597992897033691E+002  -0.114945450613291200E+001   0.372749979794645359E+000   0.622164845466613770E+000   0.124789845465318490E+004  -0.266377288103103638E+001  -0.435773939486726158E+004  -0.100000000000000002E+101   1
   0.337663679122924805E+003  -0.238118975319323170E+002   0.593150502195568391E-001   0.511297613382339478E+000   0.106568364952429462E+003  -0.194596424102783194E+001  -0.431598134882911108E+004  -0.100000000000000002E+101   1
   0.321833260059356689E+003  -0.772971457963566877E+002   0.101167346479995821E+002   0.161956089735031128E+001   0.237144465670452490E+003  -0.168967397212982195E+001  -0.523309982377469132E+006  -0.100000000000000002E+101   1
   0.837294673919677734E+002   0.442838351101285923E+002   0.757665112886101669E-002   0.202562856674194336E+001   0.441783257175341191E+003  -0.381744670867919922E+001  -0.435773939486726158E+004  -0.100000000000000002E+101   1
   0.930475044250488281E+002   0.114022578994068056E+002   0.226304858577925394E+001   0.171309810876846313E+001   0.254713202898591999E+004  -0.276834347248077384E+001  -0.435773939486726158E+004  -0.100000000000000002E+101   1
   0.992752504348754883E+002  -0.489024323675405483E+002   0.331606929027231199E-003   0.212411472201347351E+001   0.124478852129240103E+002  -0.230943307876586923E+001  -0.435773928780756069E+004  -0.100000000000000002E+101   1
   0.193405723571777344E+002  -0.128482393854799000E+002   0.991170347632458612E-003  -0.684609532356262207E+000   0.720887968609568816E+004  -0.445986131429672206E+001  -0.435773939486726158E+004  -0.100000000000000002E+101   1
   0.170199272632598877E+003   0.639699151519973270E+002   0.721615641354247375E-004   0.727818936109542847E+000   0.178010689003278202E+002  -0.364642609357833880E+001  -0.435773884991056366E+004  -0.100000000000000002E+101   1
   0.144075844287872314E+003   0.795029994378790263E+002   0.226209607437481413E-004  -0.148315465450286865E+001   0.326404245053720842E+003  -0.296700289249420157E+001  -0.435773939486726158E+004  -0.100000000000000002E+101   1
   0.100810933113098145E+003   0.910823834555890244E+001   0.868119166052835900E-001   0.148497730493545532E+000   0.167329492011105465E+002  -0.436988031864166260E+001  -0.435773939486726158E+004  -0.100000000000000002E+101   1
   0.215620808601379395E+003  -0.120941745783635071E+002   0.321619910410994265E+002  -0.203571170568466187E+000   0.335031121558062850E+002  -0.445083563327789289E+001  -0.778759902514328714E+006  -0.100000000000000002E+101   1
   0.264890413284301758E+003   0.322298200713183434E+002   0.241947961482361155E-004  -0.222518295049667358E+000   0.411161310255069384E+004  -0.312888920307159424E+001  -0.434934952873397833E+004  -0.100000000000000002E+101   1
   0.117041430473327637E+003  -0.277347684489998088E+002   0.964360613888073925E+000   0.251982423663139343E+001   0.474540112315433089E+004  -0.288028445243835440E+001  -0.435773939486726158E+004  -0.100000000000000002E+101   1
   0.456581711769104004E+002   0.477253137046345159E+002   0.641763407566699158E+002   0.168056908249855042E+001   0.188893383292700996E+002  -0.338331949710845947E+001  -0.435773939486726158E+004  -0.100000000000000002E+101   1
   0.277794821262359619E+003  -0.406561676231541185E+002   0.219186151264090773E+000   0.457576453685760498E+000   0.236527757820476108E+004  -0.380714855194091806E+001  -0.531619497354953899E+006  -0.100000000000000002E+101   1
   0.101961450576782227E+003   0.477669500035501926E+002   0.834722349053939000E-004   0.840759783983230591E+000   0.910192406120936766E+003  -0.443254635334014857E+001  -0.435773939486726158E+004  -0.100000000000000002E+101   1
   0.328490867614746094E+003  -0.393113175816580451E+002   0.507866674980110859E-004  -0.115163791179656982E+001   0.138628434616591619E+003  -0.234527194499969482E+001  -0.435767301060703358E+004  -0.100000000000000002E+101   1
   0.356900653839111328E+003  -0.510777765347530703E+002   0.817697770612241053E-003  -0.951804488897323608E+000   0.600042854148098513E+003  -0.308080871105194110E+001  -0.435336453646826067E+004  -0.100000000000000002E+101   1
   0.118980238437652588E+003   0.345652679973973704E+002   0.669536195409563217E+000   0.632992386817932129E-001   0.834178717040392075E+004  -0.438507788181304914E+001  -0.435773939486726158E+004  -0.100000000000000002E+101   1
   0.118720793724060059E+003   0.186255160662145585E+002   0.486569656790768711E-002  -0.134698453545570374E+001   0.309983013105498458E+003  -0.388242119550704956E+001  -0.435773939486726158E+004  -0.100000000000000002E+101   1
   0.256730275154113770E+003   0.265835972928531561E+002   0.249657019420646094E+003   0.111597535014152527E+001   0.255433902030731389E+003  -0.240296784639358529E+001  -0.261259939639681652E+008  -0.100000000000000002E+101   1
   0.242620782852172852E+003   0.134972279102631632E+002   0.134826357350478626E-001  -0.638336867094039917E+000   0.900354116194549715E+004  -0.241959676742553720E+001  -0.415856563259908216E+004  -0.100000000000000002E+101   1
   0.356066830158233643E+003  -0.110129709879314248E+002   0.133501285354247194E+002   0.260277771949768066E+001   0.324209156572064501E+002  -0.411426124572753871E+001  -0.435752271954886419E+004  -0.100000000000000002E+101   1
   0.178512811660766602E+002  -0.175987568825710667E+002   0.242843008531777897E-002  -0.769982367753982544E+000   0.443225870417635349E+003  -0.244869368076324490E+001  -0.433039902085535596E+004  -0.100000000000000002E+101   1
   0.288235073089599609E+003   0.153828477778995705E+002   0.439555521132878185E-001   0.225708979368209839E+001   0.571195525512446420E+004  -0.436533110141754133E+001  -0.348214486353977621E+008  -0.100000000000000002E+101   1
   0.184603571891784668E+002   0.269353864374989058E+002   0.101466537056465111E+001   0.144513255357742310E+001   0.732096135368660453E+004  -0.200048837661743173E+001  -0.435773939486726158E+004  -0.100000000000000002E+101   1
   0.298347258567810059E+003   0.384371437136221346E+002   0.827066091408906345E+001   0.194122320413589478E+001   0.145615874615447115E+004  -0.406698408126831090E+001  -0.641630243260143846E+008  -0.100000000000000002E+101   1
   0.335584087371826172E+003  -0.413952015055728566E+002   0.620830449901917873E+002   0.262225806713104248E+000   0.998662484309264528E+003  -0.391533492803573591E+001  -0.327896639159175800E+007  -0.100000000000000002E+101   1
   0.121729373931884766E+003  -0.222578977992705944E+002   0.580971250303113584E+000   0.149718806147575378E+001   0.160998267726645850E+002  -0.308589658737182626E+001  -0.435773939486726158E+004  -0.100000000000000002E+101   1
   0.323336756229400635E+003  -0.331076824201944930E+001   0.408034196752683972E-001   0.250129768252372742E+001   0.101880337938296037E+003  -0.385422062873840332E+001  -0.435290884385584832E+004  -0.100000000000000002E+101   1
   0.293371975421905518E+003  -0.191472178657826930E+001   0.373786439093893978E-004  -0.124991270899772644E+001   0.132855989351440348E+004  -0.297177097797393808E+001  -0.435558780918257071E+004  -0.100000000000000002E+101   1
   0.218916192054748535E+003   0.231212887239460940E+002   0.179107432702638896E+002   0.107125487923622131E+001   0.217785204114127851E+003  -0.473707315921783412E+001  -0.146457279017339088E+007  -0.100000000000000002E+101   1
   0.184740042686462402E+002  -0.239822798131257855E+002   0.418536146936657610E-001  -0.702040672302246094E+000   0.140061083598827224E+003  -0.354277454614639264E+001  -0.425025918533427466E+004  -0.100000000000000002E+101   1
   0.279263041019439697E+003  -0.416539870781804424E+002   0.501722655363464375E-004   0.149483120441436768E+001   0.116957375851426555E+002  -0.281848213672637948E+001  -0.435773938051189634E+004  -0.100000000000000002E+101   1
   0.804922342300415039E+001   0.431140252267208552E+002   0.953682260196224234E-003  -0.504229098558425903E+000   0.298829327058120543E+004  -0.190645041465759268E+001  -0.435773939486726158E+004  -0.100000000000000002E+101   1
   0.550850200653076172E+002  -0.221708618714036305E+002   0.553236700644890481E-004   0.193861100077629089E+001   0.513950916873081738E+002  -0.307820600271224976E+001  -0.435773939486726158E+004  -0.100000000000000002E+101   1
   0.313867979049682617E+003  -0.615677049669569669E+002   0.822441832351297974E+000  -0.593149960041046143E-001   0.843249920354225964E+002  -0.317492043972015381E+001  -0.403046887147004827E+004  -0.100000000000000002E+101   1
   0.190286293029785156E+003  -0.736174295692142664E+002   0.116549559615757783E+002  -0.122985944151878357E+001   0.146997618047807830E+002  -0.455228046178817713E+001  -0.166956052765147807E+007  -0.100000000000000002E+101   1
   0.235852754116058350E+003  -0.465969969968997404E+002   0.254398142930343170E+003   0.579548299312591553E+000   0.846282088414120835E+003  -0.352443926334381086E+001  -0.346292084552048981E+009  -0.100000000000000002E+101   1
   0.146131596565246582E+003  -0.243214527521461434E+002   0.206609473359042443E-001   0.601914972066879272E+000   0.739743265924963271E+004  -0.369484623670578038E+001  -0.297996039833147428E+006  -0.100000000000000002E+101   1
   0.278742885589599609E+002   0.737691987800677964E+002   0.258951238320139225E-003  -0.432625919580459595E+000   0.490411155791383044E+004  -0.278345166444778469E+001  -0.435773939486726158E+004  -0.100000000000000002E+101   1
   0.254972720146179199E+003   0.646104175798652136E+001   0.585334081979083272E-002   0.447728455066680908E+000   0.130156920061338542E+004  -0.199665453433990470E+001  -0.369519504131745498E+004  -0.100000000000000002E+101   1
   0.210665438175201416E+003   0.873080452352460270E+002   0.411094005448528216E-003   0.134339690208435059E+001   0.598991555206776070E+003  -0.419285197257995623E+001  -0.429198362732299211E+004  -0.100000000000000002E+101   1
   0.350967221260070801E+003  -0.544560815980760324E+002   0.296162291609606143E+001   0.103795230388641357E+000   0.331890242492644256E+004  -0.246265240907669059E+001  -0.919534142898241174E+006  -0.100000000000000002E+101   1
   0.127735226154327393E+003   0.174321339769631294E+002   0.162069987383121937E-002  -0.114222630858421326E+001   0.121471864069341268E+004  -0.358072994947433454E+001  -0.435773939486726158E+004  -0.100000000000000002E+101   1
   0.119232430458068848E+003   0.154682555397629358E+002   0.645048153331968929E-003   0.298009666800498962E+001   0.809243920392041491E+004  -0.272554155588150016E+001  -0.435773939486726158E+004  -0.100000000000000002E+101   1
   0.261073350906372070E+002  -0.178155883201233962E+002   0.328651716862880550E+001   0.168392801284790039E+001   0.777845920825890147E+002  -0.295242079496383658E+001  -0.435773939486726158E+004  -0.100000000000000002E+101   1
   0.314578485488891602E+003  -0.593995645477634326E+002   0.225727022086144660E-001  -0.123725831508636475E+000   0.209402786363441464E+002  -0.422594181299209559E+001  -0.435772449977875476E+004  -0.100000000000000002E+101   1
   0.321474380493164062E+003  -0.159506962415849216E+002   0.169298725761342847E-001  -0.972280204296112061E-001   0.117444596523732812E+003  -0.363963611125946063E+001  -0.432609667723763596E+004  -0.100000000000000002E+101   1
   0.925611877441406250E+002   0.880662678272605604E+001   0.986617239235849652E-001  -0.195996075868606567E+000   0.119327685915037875E+002  -0.431406121253967267E+001  -0.435773939486726158E+004  -0.100000000000000002E+101   1
   0.174396350383758545E+003   0.243410772643895683E+002   0.987700402073241881E-003  -0.523882180452346802E+000   0.101283500325394982E+003  -0.230182700157165554E+001  -0.431782693521129659E+004  -0.100000000000000002E+101   1
   0.206642231941223145E+003  -0.236278339227888665E+002   0.448463832862254388E-003  -0.126424670219421387E+001   0.507322424223467351E+004  -0.343157893419265747E+001  -0.423788848690071427E+004  -0.100000000000000002E+101   1
   0.917312049865722656E+002  -0.825172294424469044E+001   0.813216470121188451E+001   0.886781126260757446E+000   0.261641271581502167E+003  -0.312543027400970441E+001  -0.435773939486726158E+004  -0.100000000000000002E+101   1
   0.131566686630249023E+003  -0.772515972560710935E+002   0.291190690583759597E+002   0.291867434978485107E+000   0.934647292593337738E+003  -0.482290052175521833E+001  -0.359565938669395000E+008  -0.100000000000000002E+101   1
   0.249072396755218506E+003   0.146766217496985689E+002   0.102608603410933932E+000   0.275421711802482605E+001   0.558793558853971263E+003  -0.405890216827392614E+001  -0.835981789537731529E+005  -0.100000000000000002E+101   1
   0.271267740726470947E+003  -0.621323759611159687E+001   0.534521101541470700E+000   0.265878036618232727E+001   0.385264386331418436E+002  -0.300161285400390643E+001  -0.435591819160201067E+004  -0.100000000000000002E+101   1
   0.184919257164001465E+003   0.518579509660759186E+001   0.269892236216330954E-001  -0.376650094985961914E-001   0.212668767598332416E+002  -0.394534987211227417E+001  -0.434082619142388830E+004  -0.100000000000000002E+101   1
   0.246112546920776367E+003  -0.178377078142611225E+002   0.506709938255071405E-004   0.100853249430656433E+001   0.550675945021163170E+004  -0.397171680927276594E+001  -0.410776652425730390E+004  -0.100000000000000002E+101   1
   0.628019070625305176E+002  -0.126673217729269538E+002   0.252244826815436910E-003  -0.134530869126319885E+001   0.627978340703582774E+002  -0.209119082689285296E+001  -0.435773939486726158E+004  -0.100000000000000002E+101   1
   0.143320105075836182E+003  -0.194914220016724045E+002   0.881746828956652129E-001   0.275890213251113892E+001   0.219115765024303215E+002  -0.445803214311599749E+001  -0.435769436347166175E+004  -0.100000000000000002E+101   1
   0.349934506416320801E+002   0.285941607270289921E+001   0.301308224714698203E+000  -0.606761634349822998E+000   0.183898035859908055E+004  -0.276213977336883554E+001  -0.435773939486726158E+004  -0.100000000000000002E+101   1
   0.189707236289978027E+003   0.145825245877385896E+002   0.432071271585558009E+003  -0.942971169948577881E+000   0.845410151874232412E+002  -0.214888652563095084E+001  -0.134602392812753558E+009  -0.100000000000000002E+101   1
   0.414358806610107422E+002  -0.382250997389744143E+002   0.351850356973238299E+001  -0.722790777683258057E+000   0.741674673334719773E+004  -0.412383531332015973E+001  -0.188200693240865855E+007  -0.100000000000000002E+101   1
   0.199181227684020996E+003   0.581972827887472590E+002   0.280980281028786623E-003  -0.877461165189743042E+000   0.558162207971913702E+002  -0.257041300535202044E+001  -0.435489103773405623E+004  -0.100000000000000002E+101   1
   0.158108775615692139E+003  -0.199818666988376776E+002   0.132781934020079717E+001   0.136133632063865662E+001   0.140664857561222991E+002  -0.373782263994216901E+001  -0.435297633459724238E+004  -0.100000000000000002E+101   1
   0.157314927577972412E+003   0.956597086045887579E+001   0.256524267229823457E-002   0.198114305734634399E+001   0.523854290791632479E+003  -0.259184608459472665E+001  -0.367299360959606474E+004  -0.100000000000000002E+101   1
   0.260621967315673828E+003   0.543918514993067390E+002   0.175159815292282239E+001   0.219680580496788025E+001   0.257030033817819934E+002  -0.382603870630264264E+001  -0.435726594839924110E+004  -0.100000000000000002E+101   1
   0.460424780845642090E+002  -0.398938347457390918E+002   0.252645855582532626E+002   0.266807180643081665E+001   0.271891338594922338E+002  -0.186987773180007943E+001  -0.432804486834556155E+004  -0.100000000000000002E+101   1
   0.174270844459533691E+003   0.641062932635376228E+002   0.139388252239611697E-002   0.200360494852066040E+001   0.754535237956781089E+003  -0.241236763000488308E+001  -0.379523497152212258E+004  -0.100000000000000002E+101   1
   0.124523870944976807E+003   0.650193322419241326E+000   0.126404684638957985E-003   0.165909987688064575E+001   0.302449706061782717E+004  -0.430125113725662267E+001  -0.435773939486726158E+004  -0.100000000000000002E+101   1
   0.311515831947326660E+002   0.325479007534523106E+002   0.284053035236486480E+002  -0.946442484855651855E+000   0.373730021436573497E+004  -0.424872295856475812E+001  -0.435773939486726158E+004  -0.100000000000000002E+101   1
   0.327924706935882568E+003  -0.656772575854026854E+002   0.278449932946192139E-004   0.149946928024291992E+001   0.563479776986577789E+002  -0.430960359573364293E+001  -0.435773912459810708E+004  -0.100000000000000002E+101   1
   0.328083493709564209E+003   0.730701842516583895E+002   0.959977909695645731E-003   0.224205198884010315E+001   0.222342372455435360E+002  -0.260677776336669931E+001  -0.435773909399043987E+004  -0.100000000000000002E+101   1
   0.959207725524902344E+002   0.490383913622942487E+002   0.504449818841151373E-003   0.236391118168830872E+001   0.881505689257583640E+002  -0.228413717746734646E+001  -0.435773939486726158E+004  -0.100000000000000002E+101   1
   0.517499828338623047E+002   0.144399094874043641E+002   0.175592303532536476E-003   0.221147212386131287E+001   0.832879733419234617E+004  -0.491862214803695696E+001  -0.435773939486726158E+004  -0.100000000000000002E+101   1
   0.183888623714447021E+003  -0.133263060477630546E+002   0.114724143309267342E-001  -0.816406041383743286E+000   0.119931640818133246E+003  -0.189308222532272330E+001  -0.362636452618600197E+004  -0.100000000000000002E+101   1
   0.471888113021850586E+002   0.355361807009942083E+002   0.248556401049095099E-002  -0.895849317312240601E+000   0.166426172689201799E+002  -0.475197484493255651E+001  -0.435773939486726158E+004  -0.100000000000000002E+101   1
   0.296544599533081055E+003   0.746898584042062907E+001   0.194398895011659679E-003  -0.234557926654815674E+000   0.255520647691362456E+004  -0.443965673446655273E+001  -0.432920969881554902E+004  -0.100000000000000002E+101   1
   0.207534334659576416E+003  -0.717511627928682998E+002   0.287020719963551016E+003   0.264648109674453735E+000   0.117133291143363726E+004  -0.300686082839965829E+001  -0.470782064312605560E+009  -0.100000000000000002E+101   1
   0.254137094020843506E+003  -0.858249555563114512E+002   0.457119630007154273E-002   0.174000898003578186E+001   0.863852458872902730E+003  -0.270388535261154184E+001  -0.503875014443530381E+004  -0.100000000000000002E+101   1
   0.336275753974914551E+003   0.688068024827886688E+002   0.103943570266954236E-002   0.105427327752113342E+001   0.229593658002810415E+002  -0.167671453952789307E+001  -0.435770124739496168E+004  -0.100000000000000002E+101   1
   0.361583232879638672E+000  -0.216835372700126072E+002   0.628268298367809681E-002  -0.500723719596862793E-002   0.587207126889132041E+003  -0.389572858810424805E+001  -0.432081125110909124E+004  -0.100000000000000002E+101   1
   0.335193943977355957E+002   0.145398941061389451E+002   0.109922230510605410E-002   0.185297530889511108E+001   0.633293869915026903E+003  -0.238361016511917123E+001  -0.435773939486726158E+004  -0.100000000000000002E+101   1
   0.115400583744049072E+003  -0.674769828164686913E+002   0.258492785393985393E-003   0.246137300133705139E+001   0.886178379436315663E+004  -0.257322242259979239E+001  -0.171005838170853676E+007  -0.100000000000000002E+101   1
   0.188050553798675537E+003  -0.307116028493342270E+002   0.119733603364464741E-002   0.270819336175918579E+001   0.614046938639563336E+003  -0.311151369810104406E+001  -0.370232688260867053E+004  -0.100000000000000002E+101   1
   0.278045232295989990E+003   0.508838650969573791E+002   0.446719410363069086E-001  -0.109558939933776855E+000   0.751898349542714755E+002  -0.303692542314529401E+001  -0.427720953449621720E+004  -0.100000000000000002E+101   1
   0.383683133125305176E+002   0.514672052178082993E+002   0.213652478578748185E-003   0.153566193580627441E+001   0.201418013358521826E+002  -0.417066663503646851E+001  -0.435773939486726158E+004  -0.100000000000000002E+101   1
   0.341362166404724121E+002   0.752926265365864822E+002   0.283671510112804057E+002   0.927465140819549561E+000   0.164475595549852862E+002  -0.339374938011169469E+001  -0.435773939486726158E+004  -0.100000000000000002E+101   1
   0.144515018463134766E+003   0.249002455415286192E+002   0.315140557435134125E-004  -0.379085808992385864E+000   0.484756220522043918E+003  -0.446667906045913732E+001  -0.435773939486726158E+004  -0.100000000000000002E+101   1
   0.181606063842773438E+003  -0.908501043560239907E+001   0.675078109157328043E+001   0.186775079369544983E+001   0.228795217834913913E+002  -0.497557430267333967E+001  -0.432426519826548429E+004  -0.100000000000000002E+101   1
   0.101486098766326904E+003  -0.895247817949294244E+001   0.120087265900245023E-001  -0.706767797470092773E+000   0.346848098157664992E+002  -0.432382212877273542E+001  -0.435773939486726158E+004  -0.100000000000000002E+101   1
   0.313424341678619385E+003   0.414002184981004007E+002   0.550289965720250933E+002   0.216843286156654358E+001   0.529878196205745624E+002  -0.287916944026947030E+001  -0.393919177033310780E+004  -0.100000000000000002E+101   1
   0.476216125488281250E+002  -0.140020347230703806E+002   0.514980047947306754E-002   0.651392340660095215E+000   0.403585850037079808E+004  -0.360654181241989136E+001  -0.435773939486726158E+004  -0.100000000000000002E+101   1
   0.590347337722778320E+002   0.425952941458618568E+002   0.781189823569845232E+000   0.194307392835617065E+001   0.119753182830537135E+002  -0.279215856790542594E+001  -0.435773939486726158E+004  -0.100000000000000002E+101   1
   0.102091505527496338E+003   0.426483974960762566E+002   0.139404412600833337E-003  -0.596398115158081055E+000   0.310239316242235148E+002  -0.302311017513275182E+001  -0.435773939486726158E+004  -0.100000000000000002E+101   1
   0.339515905380249023E+003  -0.448092880051021751E+002   0.123443493222368513E-004   0.919064193964004517E+000   0.483104500007823532E+002  -0.285144065618515041E+001  -0.435773936821088682E+004  -0.100000000000000002E+101   1
   0.123020803928375244E+003  -0.633913310827307583E+002   0.105264772142578011E+000   0.121216660737991333E+001   0.163563414506636008E+003  -0.374663228988647479E+001  -0.376568997410924658E+004  -0.100000000000000002E+101   1
   0.267227668762207031E+003   0.362869709802915708E+002   0.261084906616024085E-003  -0.690311640501022339E+000   0.118741748131576657E+003  -0.466474409103393572E+001  -0.435347965577825471E+004  -0.100000000000000002E+101   1
   0.591002011299133301E+002   0.850907232710983976E+002   0.269665043566505273E-001   0.204282340407371521E+001   0.140377248837320501E+002  -0.308355104923248291E+001  -0.435773939486726158E+004  -0.100000000000000002E+101   1
   0.213358569145202637E+002   0.376708399884266640E+002   0.551629455027244624E-002  -0.445242226123809814E-001   0.580857122104376322E+004  -0.442229460477828962E+001  -0.435773939486726158E+004  -0.100000000000000002E+101   1
   0.109880683422088623E+003   0.123525721826108565E+002   0.680344381957053053E-002   0.695101886987686157E+000   0.163750807293095221E+003  -0.276409600973129299E+001  -0.435773939486726158E+004  -0.100000000000000002E+101   1
   0.197111806869506836E+003   0.346652988662110317E+001   0.237103019881987498E+001  -0.136169537901878357E+001   0.679024519734073465E+003  -0.302650405168533343E+001  -0.228738788285401184E+007  -0.100000000000000002E+101   1
   0.870249152183532715E+002  -0.859051301581604321E+001   0.253993755976442115E+001  -0.120220211148262024E+001   0.816621598277244539E+004  -0.341704790592193586E+001  -0.435773939486726158E+004  -0.100000000000000002E+101   1
   0.246435141563415527E+002  -0.372549941671935798E+002   0.149324793120469916E+002  -0.128788769245147705E+001   0.129419918216146527E+003  -0.189905692338943499E+001  -0.912309493968488416E+006  -0.100000000000000002E+101   1
   0.153718192577362061E+003   0.578837255620344138E+001   0.147338381365578286E+002  -0.977797240018844604E+000   0.107392769856428316E+002  -0.422220382690429652E+001  -0.428291313973875251E+006  -0.100000000000000002E+101   1
   0.112565338611602783E+003   0.213182505457409377E+001   0.890013374264745138E+000  -0.150463432073593140E+000   0.217200090107095889E+003  -0.325815684795379656E+001  -0.435773939486726158E+004  -0.100000000000000002E+101   1
   0.264975879192352295E+003   0.574741629252923758E+001   0.759576213883370315E+002   0.470168888568878174E+000   0.115585227291280671E+004  -0.166889911890029907E+001  -0.105934992099555790E+009  -0.100000000000000002E+101   1
   0.439923048019409180E+002   0.199119088080718285E+002   0.792139246540225002E-004   0.280443853139877319E+001   0.321111244883041280E+002  -0.236636557579040518E+001  -0.435773939486726158E+004  -0.100000000000000002E+101   1
   0.896597242355346680E+002  -0.224204134203447580E+002   0.962132344503146830E-001   0.476909279823303223E-001   0.246308789248868879E+004  -0.486628851890563929E+001  -0.435773939486726158E+004  -0.100000000000000002E+101   1
   0.284962391853332520E+003   0.209048895782916304E+002   0.115062697040607632E-002  -0.147268572449684143E+001   0.254373253131373616E+003  -0.182123203277587908E+001  -0.431129046384729827E+004  -0.100000000000000002E+101   1
   0.251847496032714844E+003   0.523262991516078557E+002   0.200604612043621833E+001   0.169057399034500122E+000   0.104753873903772478E+004  -0.170724747180938730E+001  -0.139604402258971962E+007  -0.100000000000000002E+101   1
   0.666707468032836914E+002   0.456216542295736076E+002   0.298968294375643422E-001   0.966862231492996216E+000   0.140688566732175536E+004  -0.323494242429733259E+001  -0.435773939486726158E+004  -0.100000000000000002E+101   1
   0.300660588741302490E+003   0.301824798823433014E+002   0.668755613883247113E+000   0.344987779855728149E+000   0.156750834219840300E+003  -0.428586692810058612E+001  -0.351248615966132638E+004  -0.100000000000000002E+101   1
   0.284597740173339844E+003  -0.105911281412237770E+002   0.253454387276602763E-002   0.156954145431518555E+001   0.166744013075954278E+002  -0.329847704172134382E+001  -0.435773859972574246E+004  -0.100000000000000002E+101   1
   0.313389236927032471E+003   0.614242656196908001E+002   0.398194910757320031E+003  -0.876250684261322021E+000   0.140932338499212388E+002  -0.439334583282470703E+001  -0.215281096539539212E+005  -0.100000000000000002E+101   1
   0.147903463840484619E+003   0.531798959678899905E+002   0.792911457379508411E+000   0.245316141843795776E+001   0.207784460609462514E+002  -0.375197652578353891E+001  -0.435773939486726158E+004  -0.100000000000000002E+101   1
   0.140278351306915283E+003   0.209427604857665983E+002   0.123127498243754823E-003  -0.860597848892211914E+000   0.137418571675133503E+002  -0.219464741945266750E+001  -0.435773939486726158E+004  -0.100000000000000002E+101   1
   0.157491652965545654E+003   0.133829295031522975E+002   0.865302550880491157E-003   0.101872971653938293E+001   0.198159742185991433E+003  -0.298345408439636239E+001  -0.432145957995481058E+004  -0.100000000000000002E+101   1
   0.849207544326782227E+002  -0.156625845294853008E+002   0.307157805364861782E-003   0.552799701690673828E-001   0.441950452442388666E+003  -0.498282492160797119E+001  -0.435773939486726158E+004  -0.100000000000000002E+101   1
   0.211068413257598877E+003  -0.295355541051332295E+002   0.149070844324555238E-001  -0.103666341304779053E+001   0.161238897890507405E+004  -0.341042288541793859E+001  -0.402598424900726604E+004  -0.100000000000000002E+101   1
   0.112923896312713623E+003  -0.146190786272230184E+002   0.223581567420329499E+002  -0.153194993734359741E+000   0.553211490978251732E+003  -0.433567708730697632E+001  -0.435773939486726158E+004  -0.100000000000000002E+101   1
   0.226054387092590332E+003   0.618090322755875548E+002   0.426890471272409720E-002   0.254796382784843445E+001   0.148344742352712001E+004  -0.206645385026931772E+001  -0.880741267463834811E+005  -0.100000000000000002E+101   1
   0.138694217205047607E+003  -0.426397898393313994E+002   0.105538890424566789E+001   0.227985370159149170E+001   0.968700944128057699E+003  -0.251041594743728647E+001  -0.909664521117053926E+007  -0.100000000000000002E+101   1
   0.620860147476196289E+002   0.528519608673237826E+002   0.516856887910559504E+001  -0.149102318286895752E+001   0.321152497836898192E+002  -0.496836441755294800E+001  -0.435773939486726158E+004  -0.100000000000000002E+101   1
   0.330776259899139404E+003   0.170583070141408086E+002   0.275273936473763037E+001   0.205325880646705627E+001   0.164272537692618130E+003  -0.446965425014495832E+001  -0.478802169681645137E+004  -0.100000000000000002E+101   1
   0.588976621627807617E+002   0.285827050799583873E+002   0.500277224695185301E-002   0.974788427352905273E+000   0.113062509248229321E+004  -0.448257011175155640E+001  -0.435773939486726158E+004  -0.100000000000000002E+101   1
   0.216101524829864502E+003   0.452951879452945150E+001   0.279203611275617658E+000   0.273535609245300293E+000   0.456411829463064294E+002  -0.303632657527923566E+001  -0.403457946487814661E+004  -0.100000000000000002E+101   1
   0.277541427612304688E+003   0.138524900268309352E+002   0.488860118967581414E+000  -0.883872181177139282E+000   0.551532751581916000E+004  -0.484083636999130285E+001  -0.176224261594330979E+006  -0.100000000000000002E+101   1
   0.426980209350585938E+002  -0.595924548602545983E+002   0.718983432183220150E-002  -0.319116443395614624E+000   0.212563484534779673E+004  -0.371849920749664342E+001  -0.410177027745685518E+004  -0.100000000000000002E+101   1
   0.138557338714599609E+003  -0.293779241530178865E+002   0.572614855303026013E-001   0.272527688741683960E+001   0.129316388221995293E+002  -0.219342783689498910E+001  -0.435773225502560672E+004  -0.100000000000000002E+101   1
   0.225025599002838135E+003   0.421917605721011171E+002   0.495358263340620164E+000  -0.102080002427101135E+001   0.260435079802365195E+002  -0.195877310037612906E+001  -0.826478113121430943E+004  -0.100000000000000002E+101   1
   0.100839600563049316E+003   0.419547566730049084E+002   0.253186717826568274E-002  -0.124619650840759277E+001   0.279695739269988871E+004  -0.343191149234771764E+001  -0.435773939486726158E+004  -0.100000000000000002E+101   1
   0.130313236713409424E+003  -0.758624754801371637E+002   0.125928566354909389E-001  -0.922160178422927856E+000   0.161820903522916706E+004  -0.463569419384002668E+001  -0.413287196020026386E+004  -0.100000000000000002E+101   1
   0.293263056278228760E+003  -0.519457683056777597E+002   0.478140101734523759E+000   0.132663497328758240E+001   0.212285995052651288E+003  -0.340578855276107806E+001  -0.520132723879831246E+004  -0.100000000000000002E+101   1
   0.700255465507507324E+002   0.340733803086502860E+002   0.767535053913896093E+001  -0.131621986627578735E+001   0.218273074344464158E+004  -0.430178797245025635E+001  -0.435773939486726158E+004  -0.100000000000000002E+101   1
